[0m [38;2;0;0;0m                                [38;2;121;162;119m▗[38;2;149;200;147m▆[38;2;84;114;83m▏[38;2;78;132;84m▃[38;2;57;98;62m▖        [0m
 [38;2;0;0;0m                               [38;2;77;109;78m▂[7m[38;2;108;165;112m▊[0m[38;2;116;200;128;48;2;148;210;149m▆[38;2;59;94;63;48;2;79;128;83m▘[38;2;33;51;32;48;2;83;131;85m▕[0m [38;2;10;15;10m        [0m
 [38;2;0;0;0m                              [38;2;91;121;89m▗[38;2;131;176;130;48;2;148;204;148m▏[38;2;193;132;104;48;2;139;170;110m▗[38;2;97;158;101;48;2;114;200;127m▏[38;2;88;144;93;48;2;113;198;125m▝[0m[38;2;84;134;86m▊         [0m
 [38;2;0;0;0m                           [0m  [38;2;48;58;44m [7m[38;2;126;184;129m▋[0m[38;2;130;143;99;48;2;129;196;134m▐[38;2;77;37;32;48;2;130;119;90m▁[38;2;150;76;66;48;2;114;144;96m▆[38;2;90;138;89;48;2;117;201;128m▖[38;2;64;102;65;48;2;107;166;109m▕[0m[38;2;34;54;35m▖        [0m
 [38;2;0;0;0m                       [0m  [38;2;11;7;6m  [0m [7m[38;2;80;97;74m▅[0m[38;2;74;104;73m▆[38;2;75;112;76m▃[38;2;67;97;67m▁[0m [38;2;72;34;30m▔[7m[38;2;153;189;121m▍[0m[38;2;160;196;127;48;2;138;106;81m▊[0m[7m[38;2;118;122;80m▝[0m[38;2;246;220;147m▃[38;2;174;152;86m▃[0m  [38;2;76;96;72m▂[7m[38;2;96;115;89m▀[0m[38;2;55;70;51m▞[38;2;109;54;48m▅[0m
 [38;2;0;0;0m                       [0m [38;2;179;107;92m▀[38;2;195;90;78m▆[7m[38;2;162;129;94m▀[0m [38;2;9;16;10m [38;2;35;48;33m▝[7m[38;2;68;97;67m▖[0m[38;2;74;104;72;48;2;85;124;86m▂[38;2;86;126;87;48;2;46;67;46m▆[0m[7m[38;2;122;138;87m▘[0m[38;2;124;127;78;48;2;242;209;122m▃[38;2;247;210;112;48;2;132;147;88m▀[38;2;196;145;91;48;2;138;95;71m▞[38;2;249;214;120;48;2;115;120;73m▀[38;2;117;130;82;48;2;233;198;107m▅[0m[38;2;81;120;82m▅[38;2;62;78;59;48;2;82;119;82m▔[38;2;36;50;34;48;2;80;114;79m▗[0m[38;2;66;90;63m▘[7m[38;2;147;82;68m▘[0m[38;2;133;63;56m▋[0m
 [38;2;3;2;1m                         [0m [7m[38;2;112;172;111m▅[38;2;80;137;87m▂[0m[38;2;108;180;116m▅[7m[38;2;86;139;88m▀[0m [7m[38;2;67;101;66m▘[0m[38;2;53;82;53;48;2;77;111;76m▁[38;2;219;197;114;48;2;88;126;85m▗[38;2;241;216;138;48;2;95;154;101m▅[38;2;241;211;109;48;2;159;197;120m▁[38;2;193;106;86;48;2;112;112;73m▋[38;2;245;219;140;48;2;96;132;86m▃[38;2;88;131;90;48;2;219;194;112m▀[38;2;53;53;33;48;2;78;112;77m▂[0m[38;2;56;77;53m▀[0m [38;2;73;120;77m▐[7m[38;2;67;105;68m▗[0m [0m
 [38;2;96;47;40m▘[38;2;157;73;64m▅[38;2;178;82;73m▃[38;2;155;73;66m▂[38;2;98;46;41m▂[38;2;78;37;33m▁[0m [38;2;5;3;2m [0m  [38;2;50;32;28m               [0m [38;2;78;134;85m▁[38;2;78;131;84m▃[7m[38;2;66;105;67m▀[0m[38;2;77;124;79m▔[7m[38;2;73;118;76m▂[0m[38;2;69;100;69;48;2;94;150;98m▁[38;2;104;174;113;48;2;53;79;56m▀[38;2;62;101;67;48;2;152;177;104m▍[38;2;133;153;93;48;2;247;213;113m▅[38;2;166;171;99;48;2;154;121;80m▋[38;2;80;120;78;48;2;200;112;87m▗[38;2;137;134;80;48;2;227;194;104m▆[38;2;74;106;70;48;2;169;139;79m▂[0m[7m[38;2;85;109;69m▝[0m  [38;2;40;64;41;48;2;85;137;88m▏[0m[38;2;60;95;62m▎ [0m
 [38;2;0;0;0m [38;2;57;29;27m▝[7m[38;2;161;75;68m▃[0m[38;2;161;75;67;48;2;210;96;84m▂[38;2;225;102;89;48;2;167;78;70m▅[38;2;228;103;89;48;2;165;77;69m▃[38;2;217;98;85;48;2;159;74;67m▂[38;2;144;76;65;48;2;159;75;67m▕[38;2;158;77;69;48;2;83;85;62m▀[0m[38;2;68;94;65m▅[38;2;74;100;70m▆[7m[38;2;72;97;68m▔[0m[38;2;68;91;64m▅[38;2;55;74;52m▅[7m[38;2;64;89;61m▀[0m[38;2;67;93;65m▅[7m[38;2;58;79;55m▀[38;2;49;67;46m▀[38;2;44;60;42m▀[0m[38;2;56;76;53m▂[38;2;38;51;36m▖[38;2;52;71;49m▂[38;2;39;53;37m▃  [0m [38;2;114;199;127m▔[38;2;68;114;73m▔[0m [38;2;3;4;3m [38;2;53;74;53m▕[38;2;124;195;131;48;2;37;55;37m▂[0m[7m[38;2;188;183;106m▀[0m[38;2;248;218;139;48;2;108;179;112m▆[38;2;102;155;100;48;2;195;201;115m▕[38;2;122;175;118;48;2;190;125;100m▏[38;2;231;202;124;48;2;119;121;84m▂[38;2;171;151;86;48;2;84;134;87m▃[38;2;73;114;75;48;2;85;132;86m▕[38;2;32;48;31;48;2;54;79;55m▃[0m[7m[38;2;62;98;64m▂[0m[38;2;61;97;63m▅[38;2;50;79;51;48;2;77;122;79m▝[0m[38;2;79;125;81m▆[38;2;61;97;63m▖[0m
 [38;2;0;0;0m   [38;2;110;52;46m▝[7m[38;2;160;74;66m▖[0m[38;2;103;69;58;48;2;196;91;79m▂[38;2;161;104;87;48;2;229;108;93m▂[38;2;89;118;83;48;2;211;106;91m▐[38;2;86;125;86;48;2;74;101;70m▆[38;2;72;100;69;48;2;86;125;86m▀[38;2;88;129;89;48;2;72;100;70m▂[38;2;84;121;83;48;2;70;96;67m▁[38;2;63;86;60m▁[48;2;71;98;68m [38;2;68;94;65;48;2;70;96;67m▕[38;2;72;98;68;48;2;70;95;67m▁[38;2;66;89;63;48;2;71;97;68m▔[38;2;72;98;68m▁[38;2;67;92;64;48;2;70;96;67m▔[48;2;71;97;68m▕[38;2;41;56;38;48;2;70;96;67m▔[38;2;68;93;65;48;2;71;98;68m▕[0m[38;2;63;87;60m▆[7m[38;2;43;60;41m▂[0m [38;2;15;21;14m   [0m [38;2;144;147;89m▅[38;2;118;158;117;48;2;216;171;115m▔[38;2;223;150;83;48;2;119;186;122m▅[38;2;169;102;76;48;2;122;173;107m▁[38;2;241;204;109;48;2;162;143;93m▔[38;2;172;146;91;48;2;189;114;82m▏[38;2;219;101;87;48;2;118;115;75m▘[38;2;97;119;73;48;2;172;143;81m▁[38;2;102;120;73;48;2;172;142;80m▁[38;2;138;132;78;48;2;83;128;82m▎[38;2;53;84;54;48;2;81;128;82m▔[0m[38;2;72;114;73m▅[0m [38;2;49;80;51;48;2;79;127;82m▏[0m[7m[38;2;72;113;72m▆[38;2;58;92;58m▆[0m
 [38;2;0;0;0m    [0m [7m[38;2;57;50;39m▆[38;2;48;64;48m▖[0m[38;2;29;44;32;48;2;128;101;82m▖[38;2;62;93;65;48;2;89;133;91m▖[38;2;89;134;91;48;2;81;118;81m▆[38;2;78;114;78;48;2;84;125;86m▝[38;2;80;115;79;48;2;85;125;86m▗[38;2;76;108;74;48;2;85;126;86m▃[38;2;84;124;85;48;2;70;96;67m▆[38;2;87;129;89;48;2;72;99;69m▅[38;2;72;98;68;48;2;87;130;89m▀[38;2;87;129;88;48;2;70;96;67m▃[38;2;85;127;87;48;2;69;94;65m▂[38;2;88;130;89;48;2;71;97;68m▁[38;2;69;89;62;48;2;72;98;68m▕[0m[7m[38;2;66;91;63m▂[0m[38;2;59;82;57m▀[0m [38;2;0;0;0m  [38;2;175;92;80m▅[38;2;230;131;114m▆[7m[38;2;199;116;101m▀[38;2;140;159;110m▘[0m[38;2;190;142;76;48;2;115;190;124m▝[38;2;235;140;69;48;2;127;175;116m▀[38;2;138;176;120;48;2;211;121;67m▃[38;2;176;98;77;48;2;221;112;82m▏[38;2;241;162;98;48;2;215;111;89m▅[38;2;160;78;65;48;2;202;117;67m▝[38;2;108;96;70;48;2;152;74;64m▝[38;2;102;98;69;48;2;86;136;87m▖[38;2;87;137;88;48;2;85;136;88m▅▅[38;2;83;132;85;48;2;87;137;88m▔[38;2;87;137;88;48;2;85;136;88m▆[38;2;40;63;40;48;2;86;136;87m▝[0m[38;2;64;104;66m▞[38;2;50;80;51;48;2;79;127;81m▕[0m[38;2;36;57;36m▖[0m
 [38;2;0;0;0m       [38;2;41;61;43m▝[7m[38;2;50;74;52m▃[0m[38;2;30;43;31;48;2;70;105;73m▂[38;2;53;79;57;48;2;85;127;87m▃[38;2;76;114;78;48;2;88;131;90m▏[38;2;88;132;90;48;2;89;133;91m▕[38;2;87;130;89;48;2;76;108;75m▆[38;2;87;131;89;48;2;71;99;68m▅[38;2;89;134;91;48;2;75;107;74m▃[38;2;77;111;76;48;2;89;134;91m▆[38;2;75;105;72m▅[38;2;90;134;91;48;2;74;103;71m▀[38;2;104;90;68;48;2;86;120;83m▕[38;2;166;77;69;48;2;218;105;91m▂[38;2;128;58;50;48;2;216;104;90m▔[0m[7m[38;2;187;112;90m▔[38;2;119;194;127m▔[38;2;118;193;126m▔[0m[38;2;160;74;65;48;2;158;143;104m▔[38;2;159;75;67;48;2;209;100;88m▁[38;2;159;75;68;48;2;228;120;106m▁[38;2;162;76;70;48;2;228;109;96m▂[38;2;85;124;82;48;2;121;172;115m▂[38;2;86;138;90;48;2;115;198;126m▃[38;2;112;194;123;48;2;86;137;89m▀[38;2;93;132;84;48;2;157;85;58m▋[38;2;150;73;62;48;2;169;102;56m▃[38;2;156;82;60;48;2;164;91;60m▕[38;2;113;97;71;48;2;151;74;64m▗[38;2;107;100;73;48;2;82;130;84m▎[38;2;30;47;29;48;2;83;133;86m▁[38;2;86;137;88;48;2;83;132;86m▁[48;2;85;135;88m▂▃[38;2;87;137;88;48;2;85;136;88m▂[0m[7m[38;2;80;129;83m▕[0m[38;2;44;75;48m▔[38;2;82;133;85m▘[0m
 [38;2;0;0;0m         [0m [38;2;32;49;36m▀[7m[38;2;47;69;49m▖[0m[38;2;33;51;37;48;2;70;100;72m▂[38;2;88;121;88;48;2;50;75;54m▋[38;2;55;81;58;48;2;88;130;89m▖[38;2;89;131;91;48;2;89;134;91m▅[38;2;87;130;89;48;2;86;127;87m▔[38;2;88;131;89;48;2;89;132;91m▏[38;2;82;120;82;48;2;89;131;90m▔[38;2;56;40;31;48;2;83;123;84m▝[0m[7m[38;2;143;67;61m▆[38;2;138;65;59m▅[38;2;117;95;71m▅[0m[38;2;81;129;84m▀[38;2;85;135;87m▀[7m[38;2;118;84;65m▃[38;2;155;73;66m▃[38;2;151;71;64m▃[0m[38;2;69;56;41;48;2;130;88;69m▖[38;2;85;105;71;48;2;84;134;87m▏[0m[7m[38;2;79;127;82m▗[38;2;85;135;87m▃[38;2;116;76;60m▃[38;2;156;73;66m▅[38;2;120;61;52m▆[0m[38;2;73;110;71m▔[0m  [7m[38;2;57;89;57m▆[0m[38;2;75;118;75m▀[7m[38;2;80;126;81m▂[0m[38;2;83;131;86;48;2;87;137;88m▁[0m[38;2;79;124;80m▊  [0m
 [38;2;0;0;0m           [0m [38;2;14;23;16m▔[38;2;35;54;40m▀[7m[38;2;45;67;50m▂[38;2;88;111;83m▃[38;2;94;118;89m▖[0m[38;2;46;54;42;48;2;115;139;107m▗[38;2;94;136;95;48;2;130;155;121m▔[38;2;94;110;86;48;2;119;149;113m▁[0m[7m[38;2;118;142;110m▝[0m [38;2;4;5;3m     [38;2;36;68;49m▗[38;2;30;56;41;48;2;53;95;68m▏[0m[38;2;47;84;59m▀[0m [38;2;11;18;12m         [38;2;67;108;71m▗[38;2;91;148;95;48;2;80;129;85m▘[0m[7m[38;2;63;105;71m▐[0m[38;2;2;4;2m  [0m
 [38;2;0;0;0m                 [0m [38;2;106;124;98m▝[38;2;107;125;99m▘[7m[38;2;109;127;101m▅[0m[38;2;62;72;57m▎    [38;2;22;41;30m▝[7m[38;2;51;94;69m▃[38;2;39;71;51m▃[0m [38;2;0;0;0m          [0m [7m[38;2;45;85;61m▖[0m[38;2;34;65;46;48;2;49;92;66m▕[0m[38;2;34;64;46m▃[0m [0m
